1 0.499115 0.678250 0.322709 0.639811
1 0.250111 0.507083 0.116866 0.273867
1 0.416777 0.200162 0.073041 0.141656
1 0.434042 0.092740 0.070385 0.082632
1 0.528995 0.091560 0.069057 0.169987
1 0.615980 0.030176 0.054449 0.056662
1 0.665781 0.054965 0.050465 0.096798
1 0.760071 0.077394 0.063745 0.084993
1 0.805888 0.183636 0.131474 0.118046
1 0.224214 0.124613 0.065073 0.108603
1 0.050907 0.183636 0.100930 0.136934
1 0.622621 0.278073 0.104914 0.146377
0 0.134573 0.816364 0.092961 0.363583
0 0.700310 0.342998 0.050465 0.181791
0 0.904825 0.281614 0.063745 0.134573
1 0.925409 0.464586 0.118194 0.221927
0 0.834440 0.071492 0.037185 0.101520
0 0.730190 0.025712 0.027888 0.051424