0 0.446658 0.764424 0.100930 0.316364
0 0.677069 0.431533 0.067729 0.198318
0 0.785967 0.210786 0.041169 0.134573
0 0.861664 0.855061 0.096946 0.289878
0 0.504427 0.291058 0.043825 0.158182
0 0.224214 0.116349 0.027888 0.082632
0 0.249447 0.073853 0.019920 0.087354
1 0.377601 0.222591 0.090305 0.167626
1 0.528995 0.118969 0.106242 0.237937
1 0.596060 0.050502 0.059761 0.101003
1 0.660469 0.033975 0.055777 0.067950
1 0.725542 0.043419 0.063745 0.086838
1 0.787959 0.046702 0.055777 0.080272
1 0.160469 0.109267 0.075697 0.106242
0 0.857016 0.108086 0.061089 0.108603
1 0.302567 0.077394 0.030544 0.084993
1 0.854360 0.543677 0.172643 0.295116