1 0.335768 0.746459 0.503320 0.507082
1 0.723550 0.413826 0.144754 0.408440
1 0.515051 0.224952 0.078353 0.144017
1 0.470562 0.047883 0.063745 0.092076
1 0.357680 0.027815 0.050465 0.051940
1 0.022798 0.201343 0.045595 0.101520
1 0.194998 0.092740 0.059761 0.082632
1 0.600708 0.037258 0.058433 0.066106
1 0.855688 0.219050 0.103586 0.198318
1 0.678397 0.073853 0.067729 0.068467
1 0.738822 0.149402 0.090305 0.134573
1 0.789287 0.042238 0.058433 0.084476
1 0.670429 0.018371 0.046481 0.033053
0 0.119301 0.150583 0.038513 0.118046
0 0.119965 0.033717 0.039841 0.063745
0 0.733510 0.043161 0.026560 0.077911
1 0.228862 0.028073 0.042497 0.056146