1 0.370297 0.301682 0.104914 0.174709
1 0.715582 0.672348 0.179283 0.321086
1 0.875609 0.451601 0.164675 0.191235
1 0.661797 0.402022 0.132802 0.167626
1 0.807880 0.266268 0.100930 0.226649
1 0.927844 0.162387 0.144312 0.141656
1 0.511731 0.031614 0.055777 0.063228
1 0.635901 0.274532 0.094290 0.153460
1 0.690350 0.219050 0.096946 0.141656
1 0.704294 0.085657 0.063745 0.063745
1 0.624613 0.154124 0.079681 0.096798
1 0.345728 0.052604 0.082337 0.092076
1 0.747455 0.176553 0.054449 0.132212
1 0.792607 0.039878 0.051793 0.079755
0 0.119965 0.198982 0.042497 0.110964
1 0.620629 0.063229 0.077025 0.084993
1 0.696326 0.028995 0.047809 0.054301