1 0.654493 0.698318 0.181939 0.391914
1 0.330456 0.309945 0.128818 0.318725
1 0.542275 0.193080 0.087649 0.146377
1 0.828464 0.198982 0.094290 0.162904
1 0.916113 0.631031 0.158035 0.720083
1 0.811864 0.422089 0.074369 0.231371
0 0.598716 0.351262 0.033201 0.169987
0 0.430058 0.252103 0.041169 0.132212
0 0.544931 0.052604 0.026560 0.087354
0 0.509075 0.030434 0.013280 0.060868
0 0.131253 0.209606 0.030544 0.122768
0 0.168437 0.139959 0.030544 0.139295
1 0.433378 0.115169 0.069057 0.103881
1 0.461930 0.041058 0.070385 0.082116
1 0.586764 0.028073 0.057105 0.056146
1 0.791279 0.038697 0.059761 0.077394
1 0.045374 0.185997 0.090748 0.193596
1 0.343736 0.038697 0.054449 0.077394
1 0.219566 0.125793 0.071713 0.120407