1 0.093404 0.921167 0.180611 0.157666
1 0.248119 0.546038 0.168659 0.351778
1 0.380257 0.155305 0.090305 0.250258
1 0.552235 0.064409 0.062417 0.096798
1 0.540283 0.178914 0.075697 0.127490
1 0.865648 0.253283 0.096946 0.129851
1 0.834440 0.110447 0.103586 0.108603
1 0.743471 0.075033 0.078353 0.089715
1 0.646525 0.111628 0.094290 0.158182
1 0.278663 0.077394 0.062417 0.089715
0 0.486498 0.293419 0.031873 0.148738
0 0.580788 0.400841 0.050465 0.174709
0 0.572820 0.236757 0.050465 0.115685
0 0.681054 0.204884 0.033201 0.122768